0, 0, 4, 6 <-> 3, 0, 4, 6
(1,0) - (2,0)
(0,1) - (0,4)
(1,5) - (2,5)
(3,1) - (3,4)
-
(4,0) - (5,0)
(3,1) - (3,4)
(4,5) - (5,5)
(6,1) - (6,4)

0, 0, 4, 6 <-> 0, 5, 4, 4
(1,0) - (2,0)
(0,1) - (0,4)
(1,5) - (2,5)
(3,1) - (3,4)
-
(1,5) - (2,5)
(0,6) - (0,7)
(1,8) - (2,8)
(3,6) - (3,7)

3, 0, 4, 6 <-> 6, 0, 4, 6
(4,0) - (5,0)
(3,1) - (3,4)
(4,5) - (5,5)
(6,1) - (6,4)
-
(7,0) - (8,0)
(6,1) - (6,4)
(7,5) - (8,5)
(9,1) - (9,4)

3, 0, 4, 6 <-> 3, 5, 4, 4
(4,0) - (5,0)
(3,1) - (3,4)
(4,5) - (5,5)
(6,1) - (6,4)
-
(4,5) - (5,5)
(3,6) - (3,7)
(4,8) - (5,8)
(6,6) - (6,7)

6, 0, 4, 6 <-> 9, 0, 5, 6
(7,0) - (8,0)
(6,1) - (6,4)
(7,5) - (8,5)
(9,1) - (9,4)
-
(10,0) - (12,0)
(9,1) - (9,4)
(10,5) - (12,5)
(13,1) - (13,4)

6, 0, 4, 6 <-> 6, 5, 5, 4
(7,0) - (8,0)
(6,1) - (6,4)
(7,5) - (8,5)
(9,1) - (9,4)
-
(7,5) - (9,5)
(6,6) - (6,7)
(7,8) - (9,8)
(10,6) - (10,7)

9, 0, 5, 6 <-> 13, 0, 4, 6
(10,0) - (12,0)
(9,1) - (9,4)
(10,5) - (12,5)
(13,1) - (13,4)
-
(14,0) - (15,0)
(13,1) - (13,4)
(14,5) - (15,5)
(16,1) - (16,4)

9, 0, 5, 6 <-> 10, 5, 6, 4
(10,0) - (12,0)
(9,1) - (9,4)
(10,5) - (12,5)
(13,1) - (13,4)
-
(11,5) - (14,5)
(10,6) - (10,7)
(11,8) - (14,8)
(15,6) - (15,7)

13, 0, 4, 6 <-> 16, 0, 4, 6
(14,0) - (15,0)
(13,1) - (13,4)
(14,5) - (15,5)
(16,1) - (16,4)
-
(17,0) - (18,0)
(16,1) - (16,4)
(17,5) - (18,5)
(19,1) - (19,4)

13, 0, 4, 6 <-> 10, 5, 6, 4
(14,0) - (15,0)
(13,1) - (13,4)
(14,5) - (15,5)
(16,1) - (16,4)
-
(11,5) - (14,5)
(10,6) - (10,7)
(11,8) - (14,8)
(15,6) - (15,7)

16, 0, 4, 6 <-> 15, 5, 5, 4
(17,0) - (18,0)
(16,1) - (16,4)
(17,5) - (18,5)
(19,1) - (19,4)
-
(16,5) - (18,5)
(15,6) - (15,7)
(16,8) - (18,8)
(19,6) - (19,7)

0, 11, 4, 5 <-> 0, 15, 6, 5
(1,11) - (2,11)
(0,12) - (0,14)
(1,15) - (2,15)
(3,12) - (3,14)
-
(1,15) - (4,15)
(0,16) - (0,18)
(1,19) - (4,19)
(5,16) - (5,18)

0, 15, 6, 5 <-> 5, 15, 5, 5
(1,15) - (4,15)
(0,16) - (0,18)
(1,19) - (4,19)
(5,16) - (5,18)
-
(6,15) - (8,15)
(5,16) - (5,18)
(6,19) - (8,19)
(9,16) - (9,18)

3, 11, 4, 5 <-> 0, 15, 6, 5
(4,11) - (5,11)
(3,12) - (3,14)
(4,15) - (5,15)
(6,12) - (6,14)
-
(1,15) - (4,15)
(0,16) - (0,18)
(1,19) - (4,19)
(5,16) - (5,18)

13, 15, 4, 5 <-> 16, 15, 4, 5
(14,15) - (15,15)
(13,16) - (13,18)
(14,19) - (15,19)
(16,16) - (16,18)
-
(17,15) - (18,15)
(16,16) - (16,18)
(17,19) - (18,19)
(19,16) - (19,18)

9, 15, 5, 5 <-> 13, 15, 4, 5
(10,15) - (12,15)
(9,16) - (9,18)
(10,19) - (12,19)
(13,16) - (13,18)
-
(14,15) - (15,15)
(13,16) - (13,18)
(14,19) - (15,19)
(16,16) - (16,18)

12, 11, 4, 5 <-> 13, 15, 4, 5
(13,11) - (14,11)
(12,12) - (12,14)
(13,15) - (14,15)
(15,12) - (15,14)
-
(14,15) - (15,15)
(13,16) - (13,18)
(14,19) - (15,19)
(16,16) - (16,18)

15, 11, 5, 5 <-> 16, 15, 4, 5
(16,11) - (18,11)
(15,12) - (15,14)
(16,15) - (18,15)
(19,12) - (19,14)
-
(17,15) - (18,15)
(16,16) - (16,18)
(17,19) - (18,19)
(19,16) - (19,18)

0, 8, 5, 4 <-> 0, 11, 4, 5
(1,8) - (3,8)
(0,9) - (0,10)
(1,11) - (3,11)
(4,9) - (4,10)
-
(1,11) - (2,11)
(0,12) - (0,14)
(1,15) - (2,15)
(3,12) - (3,14)

0, 5, 4, 4 <-> 0, 8, 5, 4
(1,5) - (2,5)
(0,6) - (0,7)
(1,8) - (2,8)
(3,6) - (3,7)
-
(1,8) - (3,8)
(0,9) - (0,10)
(1,11) - (3,11)
(4,9) - (4,10)

0, 8, 5, 4 <-> 4, 8, 5, 4
(1,8) - (3,8)
(0,9) - (0,10)
(1,11) - (3,11)
(4,9) - (4,10)
-
(5,8) - (7,8)
(4,9) - (4,10)
(5,11) - (7,11)
(8,9) - (8,10)

0, 11, 4, 5 <-> 3, 11, 4, 5
(1,11) - (2,11)
(0,12) - (0,14)
(1,15) - (2,15)
(3,12) - (3,14)
-
(4,11) - (5,11)
(3,12) - (3,14)
(4,15) - (5,15)
(6,12) - (6,14)

12, 11, 4, 5 <-> 15, 11, 5, 5
(13,11) - (14,11)
(12,12) - (12,14)
(13,15) - (14,15)
(15,12) - (15,14)
-
(16,11) - (18,11)
(15,12) - (15,14)
(16,15) - (18,15)
(19,12) - (19,14)

14, 8, 6, 4 <-> 15, 11, 5, 5
(15,8) - (18,8)
(14,9) - (14,10)
(15,11) - (18,11)
(19,9) - (19,10)
-
(16,11) - (18,11)
(15,12) - (15,14)
(16,15) - (18,15)
(19,12) - (19,14)

5, 15, 5, 5 <-> 9, 15, 5, 5
(6,15) - (8,15)
(5,16) - (5,18)
(6,19) - (8,19)
(9,16) - (9,18)
-
(10,15) - (12,15)
(9,16) - (9,18)
(10,19) - (12,19)
(13,16) - (13,18)

6, 11, 4, 5 <-> 5, 15, 5, 5
(7,11) - (8,11)
(6,12) - (6,14)
(7,15) - (8,15)
(9,12) - (9,14)
-
(6,15) - (8,15)
(5,16) - (5,18)
(6,19) - (8,19)
(9,16) - (9,18)

9, 11, 4, 5 <-> 9, 15, 5, 5
(10,11) - (11,11)
(9,12) - (9,14)
(10,15) - (11,15)
(12,12) - (12,14)
-
(10,15) - (12,15)
(9,16) - (9,18)
(10,19) - (12,19)
(13,16) - (13,18)

0, 5, 4, 4 <-> 3, 5, 4, 4
(1,5) - (2,5)
(0,6) - (0,7)
(1,8) - (2,8)
(3,6) - (3,7)
-
(4,5) - (5,5)
(3,6) - (3,7)
(4,8) - (5,8)
(6,6) - (6,7)

3, 5, 4, 4 <-> 6, 5, 5, 4
(4,5) - (5,5)
(3,6) - (3,7)
(4,8) - (5,8)
(6,6) - (6,7)
-
(7,5) - (9,5)
(6,6) - (6,7)
(7,8) - (9,8)
(10,6) - (10,7)

3, 5, 4, 4 <-> 4, 8, 5, 4
(4,5) - (5,5)
(3,6) - (3,7)
(4,8) - (5,8)
(6,6) - (6,7)
-
(5,8) - (7,8)
(4,9) - (4,10)
(5,11) - (7,11)
(8,9) - (8,10)

6, 5, 5, 4 <-> 4, 8, 5, 4
(7,5) - (9,5)
(6,6) - (6,7)
(7,8) - (9,8)
(10,6) - (10,7)
-
(5,8) - (7,8)
(4,9) - (4,10)
(5,11) - (7,11)
(8,9) - (8,10)

6, 5, 5, 4 <-> 10, 5, 6, 4
(7,5) - (9,5)
(6,6) - (6,7)
(7,8) - (9,8)
(10,6) - (10,7)
-
(11,5) - (14,5)
(10,6) - (10,7)
(11,8) - (14,8)
(15,6) - (15,7)

6, 5, 5, 4 <-> 8, 8, 4, 4
(7,5) - (9,5)
(6,6) - (6,7)
(7,8) - (9,8)
(10,6) - (10,7)
-
(9,8) - (10,8)
(8,9) - (8,10)
(9,11) - (10,11)
(11,9) - (11,10)

4, 8, 5, 4 <-> 3, 11, 4, 5
(5,8) - (7,8)
(4,9) - (4,10)
(5,11) - (7,11)
(8,9) - (8,10)
-
(4,11) - (5,11)
(3,12) - (3,14)
(4,15) - (5,15)
(6,12) - (6,14)

4, 8, 5, 4 <-> 6, 11, 4, 5
(5,8) - (7,8)
(4,9) - (4,10)
(5,11) - (7,11)
(8,9) - (8,10)
-
(7,11) - (8,11)
(6,12) - (6,14)
(7,15) - (8,15)
(9,12) - (9,14)

4, 8, 5, 4 <-> 8, 8, 4, 4
(5,8) - (7,8)
(4,9) - (4,10)
(5,11) - (7,11)
(8,9) - (8,10)
-
(9,8) - (10,8)
(8,9) - (8,10)
(9,11) - (10,11)
(11,9) - (11,10)

3, 11, 4, 5 <-> 6, 11, 4, 5
(4,11) - (5,11)
(3,12) - (3,14)
(4,15) - (5,15)
(6,12) - (6,14)
-
(7,11) - (8,11)
(6,12) - (6,14)
(7,15) - (8,15)
(9,12) - (9,14)

6, 11, 4, 5 <-> 9, 11, 4, 5
(7,11) - (8,11)
(6,12) - (6,14)
(7,15) - (8,15)
(9,12) - (9,14)
-
(10,11) - (11,11)
(9,12) - (9,14)
(10,15) - (11,15)
(12,12) - (12,14)

9, 11, 4, 5 <-> 12, 11, 4, 5
(10,11) - (11,11)
(9,12) - (9,14)
(10,15) - (11,15)
(12,12) - (12,14)
-
(13,11) - (14,11)
(12,12) - (12,14)
(13,15) - (14,15)
(15,12) - (15,14)

8, 8, 4, 4 <-> 9, 11, 4, 5
(9,8) - (10,8)
(8,9) - (8,10)
(9,11) - (10,11)
(11,9) - (11,10)
-
(10,11) - (11,11)
(9,12) - (9,14)
(10,15) - (11,15)
(12,12) - (12,14)

11, 8, 4, 4 <-> 12, 11, 4, 5
(12,8) - (13,8)
(11,9) - (11,10)
(12,11) - (13,11)
(14,9) - (14,10)
-
(13,11) - (14,11)
(12,12) - (12,14)
(13,15) - (14,15)
(15,12) - (15,14)

10, 5, 6, 4 <-> 15, 5, 5, 4
(11,5) - (14,5)
(10,6) - (10,7)
(11,8) - (14,8)
(15,6) - (15,7)
-
(16,5) - (18,5)
(15,6) - (15,7)
(16,8) - (18,8)
(19,6) - (19,7)

10, 5, 6, 4 <-> 11, 8, 4, 4
(11,5) - (14,5)
(10,6) - (10,7)
(11,8) - (14,8)
(15,6) - (15,7)
-
(12,8) - (13,8)
(11,9) - (11,10)
(12,11) - (13,11)
(14,9) - (14,10)

15, 5, 5, 4 <-> 14, 8, 6, 4
(16,5) - (18,5)
(15,6) - (15,7)
(16,8) - (18,8)
(19,6) - (19,7)
-
(15,8) - (18,8)
(14,9) - (14,10)
(15,11) - (18,11)
(19,9) - (19,10)

11, 8, 4, 4 <-> 14, 8, 6, 4
(12,8) - (13,8)
(11,9) - (11,10)
(12,11) - (13,11)
(14,9) - (14,10)
-
(15,8) - (18,8)
(14,9) - (14,10)
(15,11) - (18,11)
(19,9) - (19,10)

8, 8, 4, 4 <-> 11, 8, 4, 4
(9,8) - (10,8)
(8,9) - (8,10)
(9,11) - (10,11)
(11,9) - (11,10)
-
(12,8) - (13,8)
(11,9) - (11,10)
(12,11) - (13,11)
(14,9) - (14,10)

