0, 0, 5, 6 <-> 4, 0, 6, 6
(1,0) - (3,0)
(0,1) - (0,4)
(1,5) - (3,5)
(4,1) - (4,4)
-
(5,0) - (8,0)
(4,1) - (4,4)
(5,5) - (8,5)
(9,1) - (9,4)

0, 0, 5, 6 <-> 0, 5, 4, 5
(1,0) - (3,0)
(0,1) - (0,4)
(1,5) - (3,5)
(4,1) - (4,4)
-
(1,5) - (2,5)
(0,6) - (0,8)
(1,9) - (2,9)
(3,6) - (3,8)

4, 0, 6, 6 <-> 3, 5, 4, 5
(5,0) - (8,0)
(4,1) - (4,4)
(5,5) - (8,5)
(9,1) - (9,4)
-
(4,5) - (5,5)
(3,6) - (3,8)
(4,9) - (5,9)
(6,6) - (6,8)

4, 0, 6, 6 <-> 6, 5, 4, 5
(5,0) - (8,0)
(4,1) - (4,4)
(5,5) - (8,5)
(9,1) - (9,4)
-
(7,5) - (8,5)
(6,6) - (6,8)
(7,9) - (8,9)
(9,6) - (9,8)

0, 5, 4, 5 <-> 3, 5, 4, 5
(1,5) - (2,5)
(0,6) - (0,8)
(1,9) - (2,9)
(3,6) - (3,8)
-
(4,5) - (5,5)
(3,6) - (3,8)
(4,9) - (5,9)
(6,6) - (6,8)

3, 5, 4, 5 <-> 6, 5, 4, 5
(4,5) - (5,5)
(3,6) - (3,8)
(4,9) - (5,9)
(6,6) - (6,8)
-
(7,5) - (8,5)
(6,6) - (6,8)
(7,9) - (8,9)
(9,6) - (9,8)

