0, 16, 4, 6 <-> 0, 21, 5, 5
(1,16) - (2,16)
(0,17) - (0,20)
(1,21) - (2,21)
(3,17) - (3,20)
-
(1,21) - (3,21)
(0,22) - (0,24)
(1,25) - (3,25)
(4,22) - (4,24)

0, 21, 5, 5 <-> 0, 25, 6, 5
(1,21) - (3,21)
(0,22) - (0,24)
(1,25) - (3,25)
(4,22) - (4,24)
-
(1,25) - (4,25)
(0,26) - (0,28)
(1,29) - (4,29)
(5,26) - (5,28)

0, 21, 5, 5 <-> 4, 21, 4, 5
(1,21) - (3,21)
(0,22) - (0,24)
(1,25) - (3,25)
(4,22) - (4,24)
-
(5,21) - (6,21)
(4,22) - (4,24)
(5,25) - (6,25)
(7,22) - (7,24)

0, 16, 4, 6 <-> 3, 17, 5, 5
(1,16) - (2,16)
(0,17) - (0,20)
(1,21) - (2,21)
(3,17) - (3,20)
-
(4,17) - (6,17)
(3,18) - (3,20)
(4,21) - (6,21)
(7,18) - (7,20)

0, 13, 4, 4 <-> 0, 16, 4, 6
(1,13) - (2,13)
(0,14) - (0,15)
(1,16) - (2,16)
(3,14) - (3,15)
-
(1,16) - (2,16)
(0,17) - (0,20)
(1,21) - (2,21)
(3,17) - (3,20)

0, 25, 6, 5 <-> 5, 25, 5, 5
(1,25) - (4,25)
(0,26) - (0,28)
(1,29) - (4,29)
(5,26) - (5,28)
-
(6,25) - (8,25)
(5,26) - (5,28)
(6,29) - (8,29)
(9,26) - (9,28)

5, 25, 5, 5 <-> 9, 25, 4, 5
(6,25) - (8,25)
(5,26) - (5,28)
(6,29) - (8,29)
(9,26) - (9,28)
-
(10,25) - (11,25)
(9,26) - (9,28)
(10,29) - (11,29)
(12,26) - (12,28)

4, 21, 4, 5 <-> 5, 25, 5, 5
(5,21) - (6,21)
(4,22) - (4,24)
(5,25) - (6,25)
(7,22) - (7,24)
-
(6,25) - (8,25)
(5,26) - (5,28)
(6,29) - (8,29)
(9,26) - (9,28)

7, 21, 4, 5 <-> 5, 25, 5, 5
(8,21) - (9,21)
(7,22) - (7,24)
(8,25) - (9,25)
(10,22) - (10,24)
-
(6,25) - (8,25)
(5,26) - (5,28)
(6,29) - (8,29)
(9,26) - (9,28)

10, 21, 5, 5 <-> 9, 25, 4, 5
(11,21) - (13,21)
(10,22) - (10,24)
(11,25) - (13,25)
(14,22) - (14,24)
-
(10,25) - (11,25)
(9,26) - (9,28)
(10,29) - (11,29)
(12,26) - (12,28)

9, 25, 4, 5 <-> 12, 25, 5, 5
(10,25) - (11,25)
(9,26) - (9,28)
(10,29) - (11,29)
(12,26) - (12,28)
-
(13,25) - (15,25)
(12,26) - (12,28)
(13,29) - (15,29)
(16,26) - (16,28)

3, 0, 5, 4 <-> 3, 3, 5, 5
(4,0) - (6,0)
(3,1) - (3,2)
(4,3) - (6,3)
(7,1) - (7,2)
-
(4,3) - (6,3)
(3,4) - (3,6)
(4,7) - (6,7)
(7,4) - (7,6)

0, 0, 4, 4 <-> 3, 0, 5, 4
(1,0) - (2,0)
(0,1) - (0,2)
(1,3) - (2,3)
(3,1) - (3,2)
-
(4,0) - (6,0)
(3,1) - (3,2)
(4,3) - (6,3)
(7,1) - (7,2)

3, 0, 5, 4 <-> 7, 0, 4, 4
(4,0) - (6,0)
(3,1) - (3,2)
(4,3) - (6,3)
(7,1) - (7,2)
-
(8,0) - (9,0)
(7,1) - (7,2)
(8,3) - (9,3)
(10,1) - (10,2)

3, 3, 5, 5 <-> 3, 7, 5, 5
(4,3) - (6,3)
(3,4) - (3,6)
(4,7) - (6,7)
(7,4) - (7,6)
-
(4,7) - (6,7)
(3,8) - (3,10)
(4,11) - (6,11)
(7,8) - (7,10)

0, 3, 4, 5 <-> 3, 3, 5, 5
(1,3) - (2,3)
(0,4) - (0,6)
(1,7) - (2,7)
(3,4) - (3,6)
-
(4,3) - (6,3)
(3,4) - (3,6)
(4,7) - (6,7)
(7,4) - (7,6)

3, 3, 5, 5 <-> 7, 3, 4, 6
(4,3) - (6,3)
(3,4) - (3,6)
(4,7) - (6,7)
(7,4) - (7,6)
-
(8,3) - (9,3)
(7,4) - (7,7)
(8,8) - (9,8)
(10,4) - (10,7)

0, 7, 4, 4 <-> 3, 7, 5, 5
(1,7) - (2,7)
(0,8) - (0,9)
(1,10) - (2,10)
(3,8) - (3,9)
-
(4,7) - (6,7)
(3,8) - (3,10)
(4,11) - (6,11)
(7,8) - (7,10)

3, 7, 5, 5 <-> 7, 8, 4, 6
(4,7) - (6,7)
(3,8) - (3,10)
(4,11) - (6,11)
(7,8) - (7,10)
-
(8,8) - (9,8)
(7,9) - (7,12)
(8,13) - (9,13)
(10,9) - (10,12)

3, 7, 5, 5 <-> 3, 11, 5, 4
(4,7) - (6,7)
(3,8) - (3,10)
(4,11) - (6,11)
(7,8) - (7,10)
-
(4,11) - (6,11)
(3,12) - (3,13)
(4,14) - (6,14)
(7,12) - (7,13)

10, 0, 4, 4 <-> 13, 0, 4, 4
(11,0) - (12,0)
(10,1) - (10,2)
(11,3) - (12,3)
(13,1) - (13,2)
-
(14,0) - (15,0)
(13,1) - (13,2)
(14,3) - (15,3)
(16,1) - (16,2)

13, 0, 4, 4 <-> 16, 0, 5, 4
(14,0) - (15,0)
(13,1) - (13,2)
(14,3) - (15,3)
(16,1) - (16,2)
-
(17,0) - (19,0)
(16,1) - (16,2)
(17,3) - (19,3)
(20,1) - (20,2)

13, 0, 4, 4 <-> 13, 3, 6, 5
(14,0) - (15,0)
(13,1) - (13,2)
(14,3) - (15,3)
(16,1) - (16,2)
-
(14,3) - (17,3)
(13,4) - (13,6)
(14,7) - (17,7)
(18,4) - (18,6)

4, 21, 4, 5 <-> 7, 21, 4, 5
(5,21) - (6,21)
(4,22) - (4,24)
(5,25) - (6,25)
(7,22) - (7,24)
-
(8,21) - (9,21)
(7,22) - (7,24)
(8,25) - (9,25)
(10,22) - (10,24)

3, 17, 5, 5 <-> 4, 21, 4, 5
(4,17) - (6,17)
(3,18) - (3,20)
(4,21) - (6,21)
(7,18) - (7,20)
-
(5,21) - (6,21)
(4,22) - (4,24)
(5,25) - (6,25)
(7,22) - (7,24)

7, 21, 4, 5 <-> 10, 21, 5, 5
(8,21) - (9,21)
(7,22) - (7,24)
(8,25) - (9,25)
(10,22) - (10,24)
-
(11,21) - (13,21)
(10,22) - (10,24)
(11,25) - (13,25)
(14,22) - (14,24)

7, 16, 4, 6 <-> 7, 21, 4, 5
(8,16) - (9,16)
(7,17) - (7,20)
(8,21) - (9,21)
(10,17) - (10,20)
-
(8,21) - (9,21)
(7,22) - (7,24)
(8,25) - (9,25)
(10,22) - (10,24)

10, 16, 4, 6 <-> 10, 21, 5, 5
(11,16) - (12,16)
(10,17) - (10,20)
(11,21) - (12,21)
(13,17) - (13,20)
-
(11,21) - (13,21)
(10,22) - (10,24)
(11,25) - (13,25)
(14,22) - (14,24)

10, 21, 5, 5 <-> 12, 25, 5, 5
(11,21) - (13,21)
(10,22) - (10,24)
(11,25) - (13,25)
(14,22) - (14,24)
-
(13,25) - (15,25)
(12,26) - (12,28)
(13,29) - (15,29)
(16,26) - (16,28)

10, 21, 5, 5 <-> 14, 21, 4, 5
(11,21) - (13,21)
(10,22) - (10,24)
(11,25) - (13,25)
(14,22) - (14,24)
-
(15,21) - (16,21)
(14,22) - (14,24)
(15,25) - (16,25)
(17,22) - (17,24)

0, 0, 4, 4 <-> 0, 3, 4, 5
(1,0) - (2,0)
(0,1) - (0,2)
(1,3) - (2,3)
(3,1) - (3,2)
-
(1,3) - (2,3)
(0,4) - (0,6)
(1,7) - (2,7)
(3,4) - (3,6)

0, 3, 4, 5 <-> 0, 7, 4, 4
(1,3) - (2,3)
(0,4) - (0,6)
(1,7) - (2,7)
(3,4) - (3,6)
-
(1,7) - (2,7)
(0,8) - (0,9)
(1,10) - (2,10)
(3,8) - (3,9)

0, 7, 4, 4 <-> 0, 10, 4, 4
(1,7) - (2,7)
(0,8) - (0,9)
(1,10) - (2,10)
(3,8) - (3,9)
-
(1,10) - (2,10)
(0,11) - (0,12)
(1,13) - (2,13)
(3,11) - (3,12)

7, 16, 4, 6 <-> 3, 17, 5, 5
(8,16) - (9,16)
(7,17) - (7,20)
(8,21) - (9,21)
(10,17) - (10,20)
-
(4,17) - (6,17)
(3,18) - (3,20)
(4,21) - (6,21)
(7,18) - (7,20)

3, 14, 5, 4 <-> 3, 17, 5, 5
(4,14) - (6,14)
(3,15) - (3,16)
(4,17) - (6,17)
(7,15) - (7,16)
-
(4,17) - (6,17)
(3,18) - (3,20)
(4,21) - (6,21)
(7,18) - (7,20)

7, 8, 4, 6 <-> 7, 13, 4, 4
(8,8) - (9,8)
(7,9) - (7,12)
(8,13) - (9,13)
(10,9) - (10,12)
-
(8,13) - (9,13)
(7,14) - (7,15)
(8,16) - (9,16)
(10,14) - (10,15)

7, 8, 4, 6 <-> 3, 11, 5, 4
(8,8) - (9,8)
(7,9) - (7,12)
(8,13) - (9,13)
(10,9) - (10,12)
-
(4,11) - (6,11)
(3,12) - (3,13)
(4,14) - (6,14)
(7,12) - (7,13)

7, 3, 4, 6 <-> 7, 8, 4, 6
(8,3) - (9,3)
(7,4) - (7,7)
(8,8) - (9,8)
(10,4) - (10,7)
-
(8,8) - (9,8)
(7,9) - (7,12)
(8,13) - (9,13)
(10,9) - (10,12)

10, 7, 4, 4 <-> 7, 8, 4, 6
(11,7) - (12,7)
(10,8) - (10,9)
(11,10) - (12,10)
(13,8) - (13,9)
-
(8,8) - (9,8)
(7,9) - (7,12)
(8,13) - (9,13)
(10,9) - (10,12)

7, 8, 4, 6 <-> 10, 10, 4, 4
(8,8) - (9,8)
(7,9) - (7,12)
(8,13) - (9,13)
(10,9) - (10,12)
-
(11,10) - (12,10)
(10,11) - (10,12)
(11,13) - (12,13)
(13,11) - (13,12)

7, 13, 4, 4 <-> 7, 16, 4, 6
(8,13) - (9,13)
(7,14) - (7,15)
(8,16) - (9,16)
(10,14) - (10,15)
-
(8,16) - (9,16)
(7,17) - (7,20)
(8,21) - (9,21)
(10,17) - (10,20)

7, 13, 4, 4 <-> 10, 13, 4, 4
(8,13) - (9,13)
(7,14) - (7,15)
(8,16) - (9,16)
(10,14) - (10,15)
-
(11,13) - (12,13)
(10,14) - (10,15)
(11,16) - (12,16)
(13,14) - (13,15)

7, 13, 4, 4 <-> 3, 14, 5, 4
(8,13) - (9,13)
(7,14) - (7,15)
(8,16) - (9,16)
(10,14) - (10,15)
-
(4,14) - (6,14)
(3,15) - (3,16)
(4,17) - (6,17)
(7,15) - (7,16)

7, 16, 4, 6 <-> 10, 16, 4, 6
(8,16) - (9,16)
(7,17) - (7,20)
(8,21) - (9,21)
(10,17) - (10,20)
-
(11,16) - (12,16)
(10,17) - (10,20)
(11,21) - (12,21)
(13,17) - (13,20)

7, 0, 4, 4 <-> 10, 0, 4, 4
(8,0) - (9,0)
(7,1) - (7,2)
(8,3) - (9,3)
(10,1) - (10,2)
-
(11,0) - (12,0)
(10,1) - (10,2)
(11,3) - (12,3)
(13,1) - (13,2)

10, 0, 4, 4 <-> 10, 3, 4, 5
(11,0) - (12,0)
(10,1) - (10,2)
(11,3) - (12,3)
(13,1) - (13,2)
-
(11,3) - (12,3)
(10,4) - (10,6)
(11,7) - (12,7)
(13,4) - (13,6)

10, 13, 4, 4 <-> 10, 16, 4, 6
(11,13) - (12,13)
(10,14) - (10,15)
(11,16) - (12,16)
(13,14) - (13,15)
-
(11,16) - (12,16)
(10,17) - (10,20)
(11,21) - (12,21)
(13,17) - (13,20)

10, 10, 4, 4 <-> 10, 13, 4, 4
(11,10) - (12,10)
(10,11) - (10,12)
(11,13) - (12,13)
(13,11) - (13,12)
-
(11,13) - (12,13)
(10,14) - (10,15)
(11,16) - (12,16)
(13,14) - (13,15)

10, 13, 4, 4 <-> 13, 14, 6, 4
(11,13) - (12,13)
(10,14) - (10,15)
(11,16) - (12,16)
(13,14) - (13,15)
-
(14,14) - (17,14)
(13,15) - (13,16)
(14,17) - (17,17)
(18,15) - (18,16)

10, 16, 4, 6 <-> 13, 17, 6, 5
(11,16) - (12,16)
(10,17) - (10,20)
(11,21) - (12,21)
(13,17) - (13,20)
-
(14,17) - (17,17)
(13,18) - (13,20)
(14,21) - (17,21)
(18,18) - (18,20)

16, 0, 5, 4 <-> 20, 0, 4, 4
(17,0) - (19,0)
(16,1) - (16,2)
(17,3) - (19,3)
(20,1) - (20,2)
-
(21,0) - (22,0)
(20,1) - (20,2)
(21,3) - (22,3)
(23,1) - (23,2)

16, 0, 5, 4 <-> 13, 3, 6, 5
(17,0) - (19,0)
(16,1) - (16,2)
(17,3) - (19,3)
(20,1) - (20,2)
-
(14,3) - (17,3)
(13,4) - (13,6)
(14,7) - (17,7)
(18,4) - (18,6)

16, 0, 5, 4 <-> 18, 3, 5, 5
(17,0) - (19,0)
(16,1) - (16,2)
(17,3) - (19,3)
(20,1) - (20,2)
-
(19,3) - (21,3)
(18,4) - (18,6)
(19,7) - (21,7)
(22,4) - (22,6)

14, 21, 4, 5 <-> 12, 25, 5, 5
(15,21) - (16,21)
(14,22) - (14,24)
(15,25) - (16,25)
(17,22) - (17,24)
-
(13,25) - (15,25)
(12,26) - (12,28)
(13,29) - (15,29)
(16,26) - (16,28)

12, 25, 5, 5 <-> 16, 25, 4, 5
(13,25) - (15,25)
(12,26) - (12,28)
(13,29) - (15,29)
(16,26) - (16,28)
-
(17,25) - (18,25)
(16,26) - (16,28)
(17,29) - (18,29)
(19,26) - (19,28)

22, 25, 4, 5 <-> 25, 25, 5, 5
(23,25) - (24,25)
(22,26) - (22,28)
(23,29) - (24,29)
(25,26) - (25,28)
-
(26,25) - (28,25)
(25,26) - (25,28)
(26,29) - (28,29)
(29,26) - (29,28)

23, 21, 4, 5 <-> 22, 25, 4, 5
(24,21) - (25,21)
(23,22) - (23,24)
(24,25) - (25,25)
(26,22) - (26,24)
-
(23,25) - (24,25)
(22,26) - (22,28)
(23,29) - (24,29)
(25,26) - (25,28)

19, 25, 4, 5 <-> 22, 25, 4, 5
(20,25) - (21,25)
(19,26) - (19,28)
(20,29) - (21,29)
(22,26) - (22,28)
-
(23,25) - (24,25)
(22,26) - (22,28)
(23,29) - (24,29)
(25,26) - (25,28)

26, 21, 4, 5 <-> 25, 25, 5, 5
(27,21) - (28,21)
(26,22) - (26,24)
(27,25) - (28,25)
(29,22) - (29,24)
-
(26,25) - (28,25)
(25,26) - (25,28)
(26,29) - (28,29)
(29,26) - (29,28)

0, 10, 4, 4 <-> 0, 13, 4, 4
(1,10) - (2,10)
(0,11) - (0,12)
(1,13) - (2,13)
(3,11) - (3,12)
-
(1,13) - (2,13)
(0,14) - (0,15)
(1,16) - (2,16)
(3,14) - (3,15)

0, 10, 4, 4 <-> 3, 11, 5, 4
(1,10) - (2,10)
(0,11) - (0,12)
(1,13) - (2,13)
(3,11) - (3,12)
-
(4,11) - (6,11)
(3,12) - (3,13)
(4,14) - (6,14)
(7,12) - (7,13)

0, 13, 4, 4 <-> 3, 14, 5, 4
(1,13) - (2,13)
(0,14) - (0,15)
(1,16) - (2,16)
(3,14) - (3,15)
-
(4,14) - (6,14)
(3,15) - (3,16)
(4,17) - (6,17)
(7,15) - (7,16)

3, 11, 5, 4 <-> 3, 14, 5, 4
(4,11) - (6,11)
(3,12) - (3,13)
(4,14) - (6,14)
(7,12) - (7,13)
-
(4,14) - (6,14)
(3,15) - (3,16)
(4,17) - (6,17)
(7,15) - (7,16)

7, 0, 4, 4 <-> 7, 3, 4, 6
(8,0) - (9,0)
(7,1) - (7,2)
(8,3) - (9,3)
(10,1) - (10,2)
-
(8,3) - (9,3)
(7,4) - (7,7)
(8,8) - (9,8)
(10,4) - (10,7)

7, 3, 4, 6 <-> 10, 3, 4, 5
(8,3) - (9,3)
(7,4) - (7,7)
(8,8) - (9,8)
(10,4) - (10,7)
-
(11,3) - (12,3)
(10,4) - (10,6)
(11,7) - (12,7)
(13,4) - (13,6)

10, 3, 4, 5 <-> 13, 3, 6, 5
(11,3) - (12,3)
(10,4) - (10,6)
(11,7) - (12,7)
(13,4) - (13,6)
-
(14,3) - (17,3)
(13,4) - (13,6)
(14,7) - (17,7)
(18,4) - (18,6)

10, 3, 4, 5 <-> 10, 7, 4, 4
(11,3) - (12,3)
(10,4) - (10,6)
(11,7) - (12,7)
(13,4) - (13,6)
-
(11,7) - (12,7)
(10,8) - (10,9)
(11,10) - (12,10)
(13,8) - (13,9)

20, 0, 4, 4 <-> 23, 0, 4, 4
(21,0) - (22,0)
(20,1) - (20,2)
(21,3) - (22,3)
(23,1) - (23,2)
-
(24,0) - (25,0)
(23,1) - (23,2)
(24,3) - (25,3)
(26,1) - (26,2)

20, 0, 4, 4 <-> 18, 3, 5, 5
(21,0) - (22,0)
(20,1) - (20,2)
(21,3) - (22,3)
(23,1) - (23,2)
-
(19,3) - (21,3)
(18,4) - (18,6)
(19,7) - (21,7)
(22,4) - (22,6)

13, 3, 6, 5 <-> 13, 7, 6, 5
(14,3) - (17,3)
(13,4) - (13,6)
(14,7) - (17,7)
(18,4) - (18,6)
-
(14,7) - (17,7)
(13,8) - (13,10)
(14,11) - (17,11)
(18,8) - (18,10)

13, 3, 6, 5 <-> 18, 3, 5, 5
(14,3) - (17,3)
(13,4) - (13,6)
(14,7) - (17,7)
(18,4) - (18,6)
-
(19,3) - (21,3)
(18,4) - (18,6)
(19,7) - (21,7)
(22,4) - (22,6)

13, 17, 6, 5 <-> 18, 17, 6, 5
(14,17) - (17,17)
(13,18) - (13,20)
(14,21) - (17,21)
(18,18) - (18,20)
-
(19,17) - (22,17)
(18,18) - (18,20)
(19,21) - (22,21)
(23,18) - (23,20)

13, 17, 6, 5 <-> 14, 21, 4, 5
(14,17) - (17,17)
(13,18) - (13,20)
(14,21) - (17,21)
(18,18) - (18,20)
-
(15,21) - (16,21)
(14,22) - (14,24)
(15,25) - (16,25)
(17,22) - (17,24)

13, 14, 6, 4 <-> 13, 17, 6, 5
(14,14) - (17,14)
(13,15) - (13,16)
(14,17) - (17,17)
(18,15) - (18,16)
-
(14,17) - (17,17)
(13,18) - (13,20)
(14,21) - (17,21)
(18,18) - (18,20)

18, 17, 6, 5 <-> 23, 17, 4, 5
(19,17) - (22,17)
(18,18) - (18,20)
(19,21) - (22,21)
(23,18) - (23,20)
-
(24,17) - (25,17)
(23,18) - (23,20)
(24,21) - (25,21)
(26,18) - (26,20)

18, 17, 6, 5 <-> 17, 21, 4, 5
(19,17) - (22,17)
(18,18) - (18,20)
(19,21) - (22,21)
(23,18) - (23,20)
-
(18,21) - (19,21)
(17,22) - (17,24)
(18,25) - (19,25)
(20,22) - (20,24)

18, 17, 6, 5 <-> 20, 21, 4, 5
(19,17) - (22,17)
(18,18) - (18,20)
(19,21) - (22,21)
(23,18) - (23,20)
-
(21,21) - (22,21)
(20,22) - (20,24)
(21,25) - (22,25)
(23,22) - (23,24)

18, 14, 5, 4 <-> 18, 17, 6, 5
(19,14) - (21,14)
(18,15) - (18,16)
(19,17) - (21,17)
(22,15) - (22,16)
-
(19,17) - (22,17)
(18,18) - (18,20)
(19,21) - (22,21)
(23,18) - (23,20)

23, 17, 4, 5 <-> 26, 17, 4, 5
(24,17) - (25,17)
(23,18) - (23,20)
(24,21) - (25,21)
(26,18) - (26,20)
-
(27,17) - (28,17)
(26,18) - (26,20)
(27,21) - (28,21)
(29,18) - (29,20)

23, 17, 4, 5 <-> 23, 21, 4, 5
(24,17) - (25,17)
(23,18) - (23,20)
(24,21) - (25,21)
(26,18) - (26,20)
-
(24,21) - (25,21)
(23,22) - (23,24)
(24,25) - (25,25)
(26,22) - (26,24)

22, 14, 4, 4 <-> 23, 17, 4, 5
(23,14) - (24,14)
(22,15) - (22,16)
(23,17) - (24,17)
(25,15) - (25,16)
-
(24,17) - (25,17)
(23,18) - (23,20)
(24,21) - (25,21)
(26,18) - (26,20)

26, 17, 4, 5 <-> 26, 21, 4, 5
(27,17) - (28,17)
(26,18) - (26,20)
(27,21) - (28,21)
(29,18) - (29,20)
-
(27,21) - (28,21)
(26,22) - (26,24)
(27,25) - (28,25)
(29,22) - (29,24)

25, 13, 5, 5 <-> 26, 17, 4, 5
(26,13) - (28,13)
(25,14) - (25,16)
(26,17) - (28,17)
(29,14) - (29,16)
-
(27,17) - (28,17)
(26,18) - (26,20)
(27,21) - (28,21)
(29,18) - (29,20)

14, 21, 4, 5 <-> 17, 21, 4, 5
(15,21) - (16,21)
(14,22) - (14,24)
(15,25) - (16,25)
(17,22) - (17,24)
-
(18,21) - (19,21)
(17,22) - (17,24)
(18,25) - (19,25)
(20,22) - (20,24)

23, 21, 4, 5 <-> 26, 21, 4, 5
(24,21) - (25,21)
(23,22) - (23,24)
(24,25) - (25,25)
(26,22) - (26,24)
-
(27,21) - (28,21)
(26,22) - (26,24)
(27,25) - (28,25)
(29,22) - (29,24)

20, 21, 4, 5 <-> 23, 21, 4, 5
(21,21) - (22,21)
(20,22) - (20,24)
(21,25) - (22,25)
(23,22) - (23,24)
-
(24,21) - (25,21)
(23,22) - (23,24)
(24,25) - (25,25)
(26,22) - (26,24)

16, 25, 4, 5 <-> 19, 25, 4, 5
(17,25) - (18,25)
(16,26) - (16,28)
(17,29) - (18,29)
(19,26) - (19,28)
-
(20,25) - (21,25)
(19,26) - (19,28)
(20,29) - (21,29)
(22,26) - (22,28)

17, 21, 4, 5 <-> 16, 25, 4, 5
(18,21) - (19,21)
(17,22) - (17,24)
(18,25) - (19,25)
(20,22) - (20,24)
-
(17,25) - (18,25)
(16,26) - (16,28)
(17,29) - (18,29)
(19,26) - (19,28)

20, 21, 4, 5 <-> 19, 25, 4, 5
(21,21) - (22,21)
(20,22) - (20,24)
(21,25) - (22,25)
(23,22) - (23,24)
-
(20,25) - (21,25)
(19,26) - (19,28)
(20,29) - (21,29)
(22,26) - (22,28)

10, 7, 4, 4 <-> 10, 10, 4, 4
(11,7) - (12,7)
(10,8) - (10,9)
(11,10) - (12,10)
(13,8) - (13,9)
-
(11,10) - (12,10)
(10,11) - (10,12)
(11,13) - (12,13)
(13,11) - (13,12)

10, 7, 4, 4 <-> 13, 7, 6, 5
(11,7) - (12,7)
(10,8) - (10,9)
(11,10) - (12,10)
(13,8) - (13,9)
-
(14,7) - (17,7)
(13,8) - (13,10)
(14,11) - (17,11)
(18,8) - (18,10)

10, 10, 4, 4 <-> 13, 11, 6, 4
(11,10) - (12,10)
(10,11) - (10,12)
(11,13) - (12,13)
(13,11) - (13,12)
-
(14,11) - (17,11)
(13,12) - (13,13)
(14,14) - (17,14)
(18,12) - (18,13)

23, 0, 4, 4 <-> 26, 0, 4, 4
(24,0) - (25,0)
(23,1) - (23,2)
(24,3) - (25,3)
(26,1) - (26,2)
-
(27,0) - (28,0)
(26,1) - (26,2)
(27,3) - (28,3)
(29,1) - (29,2)

23, 0, 4, 4 <-> 22, 3, 4, 4
(24,0) - (25,0)
(23,1) - (23,2)
(24,3) - (25,3)
(26,1) - (26,2)
-
(23,3) - (24,3)
(22,4) - (22,5)
(23,6) - (24,6)
(25,4) - (25,5)

26, 0, 4, 4 <-> 25, 3, 5, 5
(27,0) - (28,0)
(26,1) - (26,2)
(27,3) - (28,3)
(29,1) - (29,2)
-
(26,3) - (28,3)
(25,4) - (25,6)
(26,7) - (28,7)
(29,4) - (29,6)

13, 7, 6, 5 <-> 13, 11, 6, 4
(14,7) - (17,7)
(13,8) - (13,10)
(14,11) - (17,11)
(18,8) - (18,10)
-
(14,11) - (17,11)
(13,12) - (13,13)
(14,14) - (17,14)
(18,12) - (18,13)

13, 7, 6, 5 <-> 18, 7, 5, 5
(14,7) - (17,7)
(13,8) - (13,10)
(14,11) - (17,11)
(18,8) - (18,10)
-
(19,7) - (21,7)
(18,8) - (18,10)
(19,11) - (21,11)
(22,8) - (22,10)

17, 21, 4, 5 <-> 20, 21, 4, 5
(18,21) - (19,21)
(17,22) - (17,24)
(18,25) - (19,25)
(20,22) - (20,24)
-
(21,21) - (22,21)
(20,22) - (20,24)
(21,25) - (22,25)
(23,22) - (23,24)

13, 11, 6, 4 <-> 13, 14, 6, 4
(14,11) - (17,11)
(13,12) - (13,13)
(14,14) - (17,14)
(18,12) - (18,13)
-
(14,14) - (17,14)
(13,15) - (13,16)
(14,17) - (17,17)
(18,15) - (18,16)

13, 11, 6, 4 <-> 18, 11, 5, 4
(14,11) - (17,11)
(13,12) - (13,13)
(14,14) - (17,14)
(18,12) - (18,13)
-
(19,11) - (21,11)
(18,12) - (18,13)
(19,14) - (21,14)
(22,12) - (22,13)

13, 14, 6, 4 <-> 18, 14, 5, 4
(14,14) - (17,14)
(13,15) - (13,16)
(14,17) - (17,17)
(18,15) - (18,16)
-
(19,14) - (21,14)
(18,15) - (18,16)
(19,17) - (21,17)
(22,15) - (22,16)

18, 3, 5, 5 <-> 18, 7, 5, 5
(19,3) - (21,3)
(18,4) - (18,6)
(19,7) - (21,7)
(22,4) - (22,6)
-
(19,7) - (21,7)
(18,8) - (18,10)
(19,11) - (21,11)
(22,8) - (22,10)

18, 3, 5, 5 <-> 22, 3, 4, 4
(19,3) - (21,3)
(18,4) - (18,6)
(19,7) - (21,7)
(22,4) - (22,6)
-
(23,3) - (24,3)
(22,4) - (22,5)
(23,6) - (24,6)
(25,4) - (25,5)

18, 7, 5, 5 <-> 18, 11, 5, 4
(19,7) - (21,7)
(18,8) - (18,10)
(19,11) - (21,11)
(22,8) - (22,10)
-
(19,11) - (21,11)
(18,12) - (18,13)
(19,14) - (21,14)
(22,12) - (22,13)

22, 6, 4, 6 <-> 18, 7, 5, 5
(23,6) - (24,6)
(22,7) - (22,10)
(23,11) - (24,11)
(25,7) - (25,10)
-
(19,7) - (21,7)
(18,8) - (18,10)
(19,11) - (21,11)
(22,8) - (22,10)

18, 11, 5, 4 <-> 18, 14, 5, 4
(19,11) - (21,11)
(18,12) - (18,13)
(19,14) - (21,14)
(22,12) - (22,13)
-
(19,14) - (21,14)
(18,15) - (18,16)
(19,17) - (21,17)
(22,15) - (22,16)

18, 11, 5, 4 <-> 22, 11, 4, 4
(19,11) - (21,11)
(18,12) - (18,13)
(19,14) - (21,14)
(22,12) - (22,13)
-
(23,11) - (24,11)
(22,12) - (22,13)
(23,14) - (24,14)
(25,12) - (25,13)

18, 14, 5, 4 <-> 22, 14, 4, 4
(19,14) - (21,14)
(18,15) - (18,16)
(19,17) - (21,17)
(22,15) - (22,16)
-
(23,14) - (24,14)
(22,15) - (22,16)
(23,17) - (24,17)
(25,15) - (25,16)

22, 3, 4, 4 <-> 25, 3, 5, 5
(23,3) - (24,3)
(22,4) - (22,5)
(23,6) - (24,6)
(25,4) - (25,5)
-
(26,3) - (28,3)
(25,4) - (25,6)
(26,7) - (28,7)
(29,4) - (29,6)

25, 3, 5, 5 <-> 25, 7, 5, 4
(26,3) - (28,3)
(25,4) - (25,6)
(26,7) - (28,7)
(29,4) - (29,6)
-
(26,7) - (28,7)
(25,8) - (25,9)
(26,10) - (28,10)
(29,8) - (29,9)

22, 3, 4, 4 <-> 22, 6, 4, 6
(23,3) - (24,3)
(22,4) - (22,5)
(23,6) - (24,6)
(25,4) - (25,5)
-
(23,6) - (24,6)
(22,7) - (22,10)
(23,11) - (24,11)
(25,7) - (25,10)

22, 6, 4, 6 <-> 22, 11, 4, 4
(23,6) - (24,6)
(22,7) - (22,10)
(23,11) - (24,11)
(25,7) - (25,10)
-
(23,11) - (24,11)
(22,12) - (22,13)
(23,14) - (24,14)
(25,12) - (25,13)

22, 6, 4, 6 <-> 25, 7, 5, 4
(23,6) - (24,6)
(22,7) - (22,10)
(23,11) - (24,11)
(25,7) - (25,10)
-
(26,7) - (28,7)
(25,8) - (25,9)
(26,10) - (28,10)
(29,8) - (29,9)

22, 11, 4, 4 <-> 22, 14, 4, 4
(23,11) - (24,11)
(22,12) - (22,13)
(23,14) - (24,14)
(25,12) - (25,13)
-
(23,14) - (24,14)
(22,15) - (22,16)
(23,17) - (24,17)
(25,15) - (25,16)

25, 10, 5, 4 <-> 22, 11, 4, 4
(26,10) - (28,10)
(25,11) - (25,12)
(26,13) - (28,13)
(29,11) - (29,12)
-
(23,11) - (24,11)
(22,12) - (22,13)
(23,14) - (24,14)
(25,12) - (25,13)

25, 13, 5, 5 <-> 22, 14, 4, 4
(26,13) - (28,13)
(25,14) - (25,16)
(26,17) - (28,17)
(29,14) - (29,16)
-
(23,14) - (24,14)
(22,15) - (22,16)
(23,17) - (24,17)
(25,15) - (25,16)

25, 10, 5, 4 <-> 25, 13, 5, 5
(26,10) - (28,10)
(25,11) - (25,12)
(26,13) - (28,13)
(29,11) - (29,12)
-
(26,13) - (28,13)
(25,14) - (25,16)
(26,17) - (28,17)
(29,14) - (29,16)

25, 7, 5, 4 <-> 25, 10, 5, 4
(26,7) - (28,7)
(25,8) - (25,9)
(26,10) - (28,10)
(29,8) - (29,9)
-
(26,10) - (28,10)
(25,11) - (25,12)
(26,13) - (28,13)
(29,11) - (29,12)

